SocialFabric_CS/models/gis/fivecorners/output_srtm.asc
ncols        87
nrows        76
xllcorner    -103.382361111101
yllcorner    20.749583333328
cellsize     0.000277777778
NODATA_value -32768
[rows 38 to 75 of 76, columns 0 to 83 of 87]
1591 1589 1586 1584 1584 1583 1584 1582 1580 1578 1579 1581 1579 1575 1573 1575 1581 1588 1592 1592 1590 1590 1590 1589 1589 1588 1586 1587 1589 1590 1593 1596 1598 1601 1604 1606 1607 1606 1609 1611 1610 1609 1610 1611 1616 1618 1622 1625 1625 1625 1627 1627 1625 1624 1621 1614 1608 1606 1605 1604 1604 1606 1615 1623 1628 1632 1637 1640 1641 1635 1628 1621 1619 1618 1617 1615 1613 1612 1609 1605 1602 1600 1596 1593
1586 1584 1581 1578 1579 1581 1582 1581 1577 1576 1577 1580 1578 1578 1578 1577 1580 1588 1591 1588 1586 1586 1587 1587 1587 1586 1586 1586 1587 1589 1593 1597 1598 1598 1599 1601 1602 1602 1604 1608 1607 1607 1608 1611 1614 1615 1618 1620 1621 1624 1625 1623 1621 1618 1614 1608 1603 1600 1599 1600 1602 1609 1620 1629 1632 1637 1638 1640 1640 1636 1631 1625 1625 1625 1625 1622 1618 1613 1611 1608 1605 1605 1601 1595
1583 1583 1579 1574 1577 1579 1579 1578 1576 1575 1577 1578 1580 1581 1582 1582 1585 1590 1587 1582 1582 1583 1584 1585 1584 1584 1584 1585 1586 1589 1593 1595 1597 1596 1596 1595 1596 1595 1596 1599 1603 1604 1606 1608 1611 1613 1615 1618 1621 1622 1621 1618 1616 1611 1607 1604 1601 1597 1595 1597 1602 1608 1621 1630 1635 1639 1641 1641 1639 1638 1638 1636 1633 1632 1630 1626 1620 1616 1616 1612 1607 1605 1602 1599
1581 1583 1578 1576 1578 1579 1578 1577 1576 1574 1574 1576 1577 1579 1580 1584 1590 1591 1585 1580 1581 1582 1584 1584 1583 1583 1583 1585 1588 1589 1589 1592 1595 1596 1595 1592 1591 1592 1591 1595 1598 1600 1603 1607 1610 1611 1614 1617 1618 1618 1614 1612 1609 1604 1602 1600 1597 1594 1593 1598 1604 1613 1621 1631 1637 1640 1641 1640 1639 1640 1641 1639 1637 1634 1632 1629 1626 1625 1621 1615 1607 1604 1602 1601
1579 1581 1581 1579 1578 1578 1577 1577 1577 1574 1572 1571 1574 1576 1579 1582 1589 1592 1588 1583 1583 1583 1583 1583 1581 1580 1581 1585 1590 1591 1589 1590 1594 1594 1592 1589 1588 1590 1591 1593 1596 1595 1602 1607 1608 1607 1611 1613 1612 1613 1610 1607 1605 1602 1599 1597 1594 1593 1595 1601 1609 1614 1621 1626 1631 1634 1637 1640 1641 1643 1642 1640 1639 1636 1634 1633 1632 1629 1625 1616 1610 1606 1603 1602
1578 1580 1581 1578 1576 1575 1576 1577 1577 1575 1572 1571 1574 1579 1580 1583 1587 1590 1589 1586 1585 1584 1583 1581 1579 1577 1577 1585 1591 1591 1589 1590 1590 1591 1588 1585 1587 1591 1592 1594 1595 1595 1600 1606 1606 1605 1607 1609 1610 1610 1607 1603 1602 1598 1597 1593 1590 1591 1595 1601 1608 1612 1614 1618 1623 1626 1633 1638 1642 1643 1641 1639 1638 1637 1636 1635 1632 1630 1628 1621 1617 1614 1608 1603
1577 1579 1579 1576 1574 1574 1574 1575 1576 1574 1572 1575 1577 1581 1583 1584 1586 1588 1587 1586 1585 1585 1583 1581 1579 1578 1578 1584 1586 1586 1587 1588 1589 1587 1582 1581 1586 1589 1590 1591 1593 1595 1599 1602 1602 1601 1603 1606 1608 1609 1606 1601 1596 1593 1592 1588 1585 1590 1594 1600 1606 1609 1609 1610 1616 1621 1628 1634 1638 1639 1638 1636 1636 1637 1638 1634 1633 1633 1632 1628 1627 1619 1612 1606
1575 1576 1576 1575 1575 1574 1573 1573 1573 1572 1572 1575 1578 1582 1585 1587 1588 1588 1587 1586 1584 1584 1584 1582 1581 1579 1580 1580 1582 1583 1584 1585 1584 1580 1578 1580 1584 1587 1587 1589 1592 1596 1599 1600 1598 1597 1599 1604 1605 1604 1600 1597 1594 1589 1588 1584 1584 1589 1594 1599 1603 1604 1603 1605 1610 1618 1624 1629 1633 1634 1633 1632 1633 1635 1634 1632 1634 1635 1631 1629 1628 1622 1615 1610
1571 1572 1572 1574 1575 1576 1574 1572 1572 1571 1571 1574 1576 1581 1584 1587 1589 1588 1586 1585 1583 1582 1583 1583 1581 1578 1578 1578 1579 1580 1578 1578 1577 1576 1578 1583 1585 1586 1587 1590 1594 1598 1598 1597 1596 1596 1598 1600 1598 1595 1595 1595 1591 1588 1587 1585 1584 1586 1591 1595 1598 1598 1597 1600 1606 1615 1622 1623 1627 1629 1628 1628 1629 1631 1630 1629 1630 1632 1632 1631 1629 1625 1620 1615
1569 1569 1569 1569 1572 1573 1572 1572 1572 1572 1572 1574 1576 1577 1580 1584 1586 1587 1586 1584 1581 1579 1581 1581 1578 1576 1575 1575 1575 1576 1576 1577 1576 1577 1581 1584 1585 1587 1590 1593 1596 1598 1596 1595 1595 1596 1596 1596 1592 1590 1591 1592 1590 1587 1585 1584 1582 1583 1585 1590 1592 1592 1593 1595 1603 1612 1616 1618 1621 1624 1623 1624 1626 1627 1626 1626 1626 1628 1632 1632 1630 1627 1624 1621
1569 1569 1567 1565 1566 1567 1570 1570 1571 1572 1574 1577 1577 1574 1577 1582 1586 1587 1585 1582 1577 1574 1576 1579 1574 1572 1572 1571 1571 1574 1574 1577 1579 1580 1582 1584 1585 1587 1591 1592 1594 1592 1591 1589 1591 1592 1592 1591 1590 1589 1588 1588 1588 1585 1582 1581 1581 1581 1584 1588 1589 1589 1589 1594 1600 1605 1609 1613 1617 1619 1620 1620 1621 1622 1620 1622 1621 1623 1629 1630 1630 1627 1625 1624
1569 1568 1567 1565 1564 1567 1568 1568 1570 1573 1575 1577 1578 1577 1579 1584 1586 1585 1584 1581 1575 1571 1570 1570 1570 1569 1571 1569 1568 1569 1572 1576 1580 1581 1584 1584 1584 1586 1589 1590 1589 1587 1585 1585 1586 1587 1587 1586 1587 1585 1584 1587 1587 1585 1580 1580 1579 1579 1582 1585 1585 1584 1584 1587 1595 1601 1603 1606 1611 1614 1616 1615 1611 1611 1614 1617 1617 1618 1621 1624 1626 1625 1625 1625
1568 1566 1566 1564 1564 1567 1569 1569 1570 1573 1574 1575 1578 1580 1582 1585 1586 1584 1584 1582 1576 1571 1566 1567 1569 1570 1569 1567 1566 1567 1571 1574 1577 1579 1582 1582 1582 1584 1586 1587 1588 1586 1583 1582 1584 1586 1585 1584 1584 1583 1583 1586 1587 1583 1582 1580 1577 1576 1578 1579 1578 1578 1581 1585 1588 1593 1597 1601 1607 1609 1609 1605 1602 1604 1609 1612 1612 1614 1615 1617 1618 1619 1619 1616
1566 1565 1564 1563 1562 1566 1570 1571 1571 1573 1572 1573 1577 1581 1582 1585 1587 1586 1585 1584 1576 1568 1567 1569 1571 1571 1568 1567 1568 1570 1572 1573 1574 1576 1577 1579 1580 1581 1582 1585 1587 1585 1581 1580 1583 1584 1583 1583 1584 1583 1584 1586 1585 1583 1583 1582 1578 1575 1575 1575 1575 1576 1580 1582 1584 1587 1593 1600 1604 1605 1603 1601 1599 1599 1601 1606 1608 1610 1611 1613 1614 1614 1611 1607
1565 1564 1563 1561 1562 1568 1571 1572 1573 1573 1572 1571 1576 1581 1583 1584 1584 1584 1583 1579 1572 1570 1572 1572 1570 1567 1566 1567 1571 1573 1573 1574 1575 1576 1577 1578 1581 1582 1583 1585 1585 1582 1580 1580 1582 1581 1580 1581 1582 1582 1582 1582 1581 1580 1581 1580 1577 1574 1573 1572 1572 1574 1576 1580 1581 1585 1591 1595 1598 1599 1599 1598 1597 1596 1597 1600 1603 1605 1607 1610 1612 1612 1607 1602
1565 1564 1563 1562 1563 1568 1570 1573 1574 1574 1573 1572 1576 1581 1583 1579 1578 1575 1574 1572 1572 1572 1574 1572 1568 1565 1564 1567 1571 1573 1573 1574 1575 1577 1579 1582 1583 1584 1584 1586 1585 1583 1581 1582 1582 1580 1578 1579 1578 1578 1580 1579 1578 1577 1577 1576 1573 1570 1569 1568 1570 1572 1574 1578 1583 1585 1589 1591 1592 1593 1594 1594 1592 1593 1593 1596 1599 1599 1602 1606 1608 1608 1603 1597
1565 1565 1565 1566 1567 1568 1570 1572 1574 1575 1574 1573 1575 1578 1578 1574 1567 1568 1569 1572 1572 1573 1573 1571 1566 1564 1564 1568 1570 1573 1574 1575 1575 1576 1580 1583 1585 1585 1584 1584 1585 1584 1583 1581 1579 1577 1576 1575 1575 1575 1575 1577 1576 1576 1575 1573 1571 1570 1568 1567 1570 1573 1574 1576 1580 1582 1586 1588 1586 1585 1587 1588 1588 1589 1591 1594 1595 1596 1598 1602 1604 1603 1598 1593
1567 1568 1568 1568 1568 1568 1569 1571 1573 1574 1574 1572 1573 1573 1573 1570 1566 1567 1571 1572 1571 1570 1570 1568 1566 1565 1565 1567 1572 1573 1573 1574 1574 1575 1579 1583 1585 1584 1584 1585 1585 1584 1582 1580 1578 1576 1573 1571 1572 1569 1571 1573 1574 1575 1574 1574 1572 1570 1568 1566 1569 1574 1574 1575 1577 1579 1582 1583 1581 1581 1582 1583 1584 1586 1588 1590 1593 1594 1596 1600 1601 1600 1597 1592
1569 1569 1569 1568 1567 1567 1568 1569 1571 1572 1573 1573 1573 1574 1573 1570 1568 1570 1573 1571 1569 1567 1567 1568 1567 1565 1565 1567 1571 1572 1571 1571 1574 1575 1577 1581 1582 1581 1584 1586 1585 1583 1580 1580 1578 1575 1572 1571 1570 1568 1568 1570 1571 1572 1573 1573 1570 1568 1566 1564 1567 1569 1570 1573 1574 1577 1580 1579 1578 1579 1581 1580 1582 1583 1585 1588 1593 1594 1596 1600 1601 1600 1597 1587
1567 1567 1567 1568 1567 1568 1568 1569 1570 1570 1572 1574 1574 1573 1572 1569 1567 1570 1571 1570 1569 1567 1567 1568 1568 1565 1564 1566 1571 1571 1569 1570 1572 1573 1577 1580 1582 1582 1584 1586 1583 1580 1578 1577 1576 1574 1575 1574 1571 1567 1566 1566 1568 1570 1571 1571 1571 1567 1563 1562 1563 1565 1567 1570 1572 1574 1575 1575 1576 1579 1580 1580 1582 1584 1584 1587 1591 1593 1595 1597 1597 1597 1594 1586
1565 1564 1566 1567 1568 1569 1569 1570 1571 1569 1570 1572 1573 1571 1569 1566 1565 1566 1568 1569 1569 1567 1567 1568 1566 1564 1565 1565 1569 1570 1569 1572 1573 1574 1576 1580 1582 1583 1584 1584 1583 1579 1577 1575 1572 1572 1575 1574 1569 1564 1563 1564 1566 1568 1568 1569 1568 1565 1561 1560 1562 1563 1565 1567 1569 1569 1570 1571 1574 1578 1581 1582 1584 1585 1585 1586 1588 1591 1592 1593 1594 1594 1593 1588
1563 1563 1565 1566 1567 1568 1569 1570 1570 1569 1569 1572 1571 1569 1567 1565 1563 1564 1568 1569 1568 1567 1567 1567 1567 1566 1565 1565 1566 1567 1571 1574 1576 1576 1577 1579 1582 1583 1583 1583 1582 1581 1578 1575 1570 1570 1570 1568 1566 1563 1562 1563 1566 1566 1566 1566 1565 1563 1561 1559 1560 1561 1562 1566 1568 1567 1567 1569 1572 1577 1579 1581 1584 1585 1585 1586 1588 1590 1591 1593 1591 1591 1591 1589
1563 1563 1564 1565 1566 1567 1568 1570 1570 1569 1571 1572 1570 1568 1566 1563 1562 1564 1567 1567 1565 1564 1565 1567 1567 1567 1566 1566 1568 1571 1573 1575 1577 1577 1577 1579 1581 1582 1581 1580 1580 1580 1580 1579 1574 1571 1567 1565 1563 1564 1563 1563 1565 1565 1563 1564 1563 1561 1559 1557 1558 1560 1561 1564 1565 1564 1566 1569 1573 1575 1577 1580 1584 1585 1586 1587 1588 1587 1587 1588 1588 1588 1590 1588
1562 1563 1564 1564 1565 1566 1568 1569 1569 1568 1569 1571 1571 1568 1565 1563 1563 1564 1564 1563 1562 1562 1563 1565 1565 1565 1565 1568 1571 1572 1573 1574 1576 1577 1577 1579 1580 1580 1579 1578 1577 1578 1580 1581 1577 1571 1568 1565 1564 1564 1563 1561 1563 1562 1560 1560 1562 1558 1556 1556 1558 1560 1561 1563 1563 1563 1565 1569 1571 1574 1575 1578 1582 1585 1584 1586 1586 1585 1585 1585 1585 1587 1587 1587
1562 1563 1562 1562 1563 1564 1566 1568 1568 1568 1568 1570 1569 1567 1564 1562 1563 1564 1562 1562 1561 1561 1561 1561 1561 1561 1563 1567 1567 1568 1569 1571 1574 1575 1576 1577 1580 1579 1577 1575 1575 1576 1579 1580 1575 1571 1568 1566 1564 1563 1562 1560 1560 1559 1557 1559 1558 1554 1554 1556 1557 1557 1559 1561 1562 1562 1565 1568 1571 1572 1573 1575 1580 1582 1583 1583 1584 1584 1585 1585 1585 1585 1585 1584
1560 1562 1561 1562 1562 1563 1566 1568 1567 1566 1567 1568 1567 1565 1563 1562 1563 1565 1564 1562 1562 1561 1559 1557 1557 1559 1561 1562 1562 1562 1565 1567 1569 1571 1572 1576 1578 1578 1575 1574 1574 1577 1578 1577 1574 1571 1569 1567 1565 1564 1562 1559 1557 1556 1556 1557 1555 1552 1553 1554 1554 1555 1557 1560 1562 1563 1564 1566 1569 1570 1572 1576 1580 1582 1582 1581 1582 1584 1585 1584 1585 1584 1581 1581
1559 1560 1561 1562 1562 1564 1564 1564 1563 1564 1565 1566 1565 1564 1562 1562 1562 1565 1563 1561 1561 1560 1558 1557 1559 1560 1560 1560 1561 1562 1562 1565 1567 1569 1571 1573 1575 1574 1572 1572 1575 1575 1575 1575 1573 1573 1572 1569 1566 1565 1563 1559 1554 1552 1554 1554 1553 1551 1551 1552 1553 1555 1557 1559 1562 1562 1562 1564 1566 1569 1571 1573 1577 1579 1579 1579 1581 1583 1582 1583 1584 1583 1580 1580
1558 1560 1561 1561 1563 1563 1563 1561 1562 1564 1564 1564 1563 1562 1561 1560 1561 1562 1562 1559 1559 1559 1558 1558 1559 1561 1562 1563 1565 1563 1565 1567 1569 1570 1573 1573 1570 1568 1567 1570 1572 1574 1574 1574 1573 1573 1572 1568 1566 1565 1563 1559 1555 1554 1553 1552 1551 1550 1550 1551 1552 1555 1556 1560 1561 1561 1562 1564 1566 1568 1567 1569 1572 1575 1576 1577 1579 1579 1579 1581 1583 1583 1580 1578
1558 1559 1560 1561 1561 1563 1561 1561 1561 1562 1563 1562 1562 1562 1561 1560 1559 1560 1560 1558 1557 1558 1558 1558 1558 1561 1562 1564 1565 1565 1565 1568 1571 1573 1575 1572 1567 1564 1565 1568 1572 1573 1573 1573 1571 1570 1567 1565 1564 1562 1561 1559 1557 1555 1553 1551 1551 1550 1551 1551 1552 1554 1556 1559 1561 1561 1562 1564 1566 1566 1566 1566 1571 1572 1573 1574 1575 1574 1576 1579 1581 1580 1577 1575
1558 1559 1559 1559 1559 1560 1560 1560 1560 1560 1561 1562 1562 1563 1561 1558 1555 1555 1556 1556 1557 1558 1559 1559 1559 1560 1561 1561 1563 1561 1560 1564 1571 1573 1572 1569 1567 1566 1566 1568 1571 1572 1573 1571 1568 1567 1565 1564 1563 1562 1559 1557 1554 1554 1554 1550 1546 1546 1550 1552 1551 1552 1554 1558 1560 1560 1561 1563 1565 1566 1566 1567 1569 1571 1573 1574 1574 1573 1575 1577 1577 1576 1576 1576
1558 1558 1558 1557 1556 1558 1559 1559 1558 1558 1560 1562 1562 1562 1560 1557 1554 1553 1553 1555 1557 1557 1559 1560 1560 1559 1558 1559 1560 1557 1557 1562 1568 1569 1567 1566 1566 1566 1567 1569 1571 1572 1572 1570 1566 1565 1565 1564 1563 1560 1558 1554 1551 1552 1551 1546 1543 1545 1548 1550 1550 1549 1552 1556 1559 1560 1561 1562 1564 1567 1567 1566 1567 1570 1572 1573 1574 1574 1575 1574 1575 1575 1577 1578
1559 1558 1556 1556 1556 1557 1558 1557 1557 1557 1558 1559 1559 1559 1558 1557 1556 1554 1554 1556 1556 1555 1556 1558 1559 1557 1557 1558 1558 1557 1558 1562 1565 1565 1564 1564 1564 1565 1566 1568 1570 1570 1569 1568 1566 1564 1563 1561 1559 1557 1555 1552 1551 1552 1550 1545 1543 1544 1546 1548 1549 1549 1552 1556 1559 1560 1562 1562 1564 1566 1567 1566 1566 1568 1569 1570 1572 1573 1572 1572 1573 1572 1574 1577
1561 1558 1556 1556 1555 1557 1556 1556 1556 1556 1556 1557 1556 1555 1556 1556 1557 1555 1555 1555 1554 1551 1551 1553 1554 1554 1555 1556 1558 1557 1557 1558 1561 1564 1564 1563 1562 1563 1564 1564 1564 1564 1566 1567 1566 1564 1561 1558 1556 1553 1551 1550 1550 1550 1548 1545 1543 1544 1545 1545 1546 1548 1550 1555 1557 1559 1561 1562 1562 1564 1565 1565 1565 1565 1567 1569 1570 1570 1569 1569 1568 1567 1570 1572
1560 1558 1557 1557 1557 1557 1556 1556 1556 1555 1555 1556 1555 1555 1554 1554 1554 1554 1553 1553 1551 1550 1551 1552 1552 1552 1553 1555 1557 1556 1555 1557 1561 1563 1563 1561 1562 1563 1563 1561 1561 1563 1566 1567 1565 1564 1561 1557 1555 1552 1550 1549 1549 1548 1545 1543 1543 1544 1544 1544 1545 1547 1549 1552 1556 1558 1559 1560 1560 1560 1561 1563 1564 1566 1568 1569 1569 1568 1568 1568 1567 1567 1569 1568
1560 1560 1559 1559 1558 1557 1557 1557 1556 1556 1556 1555 1555 1556 1555 1554 1553 1552 1552 1552 1551 1550 1551 1552 1552 1552 1552 1554 1555 1555 1555 1557 1559 1561 1560 1561 1563 1565 1564 1561 1564 1565 1565 1564 1563 1562 1560 1556 1554 1552 1551 1550 1549 1546 1543 1542 1542 1543 1544 1545 1548 1550 1549 1551 1553 1555 1556 1558 1559 1559 1560 1562 1564 1567 1568 1569 1568 1567 1567 1567 1566 1566 1565 1564
1560 1560 1560 1560 1559 1557 1556 1556 1556 1557 1557 1556 1555 1556 1557 1555 1552 1550 1551 1552 1552 1551 1552 1553 1554 1553 1553 1553 1555 1556 1556 1556 1557 1559 1559 1560 1563 1565 1563 1562 1564 1564 1561 1558 1558 1560 1560 1557 1554 1553 1554 1552 1550 1547 1544 1543 1542 1542 1542 1544 1549 1550 1550 1551 1552 1553 1555 1556 1558 1558 1557 1561 1565 1566 1566 1566 1567 1567 1567 1566 1564 1562 1558 1556
1560 1558 1558 1558 1559 1561 1559 1557 1556 1556 1556 1555 1554 1555 1556 1555 1552 1550 1551 1551 1551 1551 1553 1554 1555 1555 1554 1553 1555 1556 1557 1557 1557 1558 1559 1560 1562 1563 1562 1561 1563 1562 1560 1557 1558 1559 1560 1557 1556 1556 1555 1553 1551 1548 1547 1545 1544 1542 1541 1543 1547 1549 1549 1551 1552 1553 1553 1554 1555 1554 1554 1558 1563 1564 1563 1565 1566 1567 1566 1565 1563 1560 1555 1551
1558 1555 1554 1556 1559 1564 1563 1560 1555 1554 1555 1555 1553 1554 1555 1555 1554 1553 1551 1549 1549 1551 1553 1554 1554 1556 1556 1554 1553 1555 1557 1558 1558 1559 1559 1559 1561 1562 1560 1559 1559 1561 1560 1558 1558 1558 1557 1557 1558 1557 1555 1553 1550 1548 1548 1548 1546 1544 1543 1545 1548 1548 1547 1549 1551 1551 1551 1552 1551 1551 1552 1556 1560 1561 1561 1563 1566 1565 1564 1564 1562 1561 1558 1551
